5.229930354428907746e-01
-1.368295205363348754e-01
6.215203120140384563e-01
1.556684399751169456e+00
-2.649936888832364890e-01
-2.628724805601911352e-01
1.555943586838185233e+00
7.971899663206896136e-01
-4.378873633228859141e-01
5.725156060566890526e-01
-4.906351656906324799e-01
-4.925223443786066468e-01
2.257983011301659404e-01
-1.882299692416227188e+00
-1.692777020785556585e+00
-5.622875292409726944e-01
-1.012831120334423796e+00
3.142473325952738761e-01
-9.080240755212108938e-01
-1.412303701335291484e+00
1.465648768921554046e+00
-2.257763004865356582e-01
6.752820468792383735e-02
-1.424748186213456780e+00
-5.443827245251826596e-01
1.109225897098660846e-01
-1.150993577422302794e+00
3.756980183456719580e-01
-6.006386899188049799e-01
-2.916937497932767798e-01
-6.017066122293969199e-01
1.852278184508937775e+00
-1.349722473793392094e-02
-1.057710928955900354e+00
8.225449121031890298e-01
-1.220843649971022238e+00
2.088635950047554035e-01
-1.959670123879775572e+00
-1.328186048898430505e+00
1.968612358691235187e-01
7.384665799954104326e-01
1.713682811899704950e-01
-1.156482823882405281e-01
-3.011036955892887890e-01
-1.478521990367427374e+00
-7.198442083947086401e-01
-4.606387709597875024e-01
1.057122226218915717e+00
3.436182895684614103e-01
-1.763040155362733952e+00
3.240839693947950018e-01
-3.850822804163165358e-01
-6.769220003059587265e-01
6.116762888408678878e-01
1.030999522495950949e+00
9.312801191161985681e-01
-8.392175232226385395e-01
-3.092123758512145826e-01
3.312634314035639571e-01
9.755451271223591903e-01
-4.791742378452899520e-01
-1.856589766638171157e-01
-1.106334974006028204e+00
-1.196206624080670800e+00
8.125258223941980162e-01
1.356240028570822931e+00
-7.201012158033384680e-02
1.003532897892024156e+00
3.616360250476341465e-01
-6.451197546051242737e-01
3.613956055084139307e-01
1.538036566465969202e+00
-3.582603910995153795e-02
1.564643655814006218e+00
-2.619745104089744370e+00
7.900126412461653258e-01
1.152708398343139373e-01
-2.718302524184698088e-01
6.035021701288913881e-02
-1.957077528154373969e+00
-1.898523278370141676e-01
3.760701380747937250e-01
1.494068612813400643e+00
-4.921277123764834505e-01
-8.442218962153238415e-01
-4.750199955402003571e-01
9.420888607448325569e-01
2.962528330837212454e-01
-4.981273739220177799e-01
5.437156695021947428e-01
9.707754934804038727e-02
9.686449905328892163e-01
-7.020530938773523744e-01
-3.276621465977682113e-01
-3.921081531321576330e-01
-1.463514948132118576e+00
2.961202770645760540e-01
2.610552721798893305e-01
5.113456642460889774e-03
-2.345871333751469168e-01
-1.415370742050414243e+00
-4.206453227653590421e-01
-3.427145165267694860e-01
-8.022772692216189050e-01
-1.612857116660091350e-01
4.040508568145383950e-01
1.886185901210530202e+00
1.745778128318389577e-01
2.575503907227643663e-01
-7.444591576616721440e-02
-1.918771215299041488e+00
-2.651387544921687822e-02
6.023020994102643716e-02
2.463242112485286128e+00
-1.923609647811225232e-01
3.015473423336124670e-01
-3.471176970524331162e-02
-1.168678037619532040e+00
1.142822814515020546e+00
7.519330326867741388e-01
7.910319470430469124e-01
-9.093874547947389253e-01
1.402794310936099187e+00
-1.401851062792280889e+00
5.868570938002702908e-01
2.190455625809978546e+00
-9.905363251306883443e-01
-5.662977296027719154e-01
9.965136508764121936e-02
-5.034756541161992116e-01
-1.550663431066132691e+00
6.856297480602732697e-02
-1.062303713726104881e+00
4.735924306351815827e-01
-9.194242342338031504e-01
1.549934405017539429e+00
-7.832532923362370836e-01
-3.220615162056755798e-01
8.135172173696697540e-01
-1.230864316433955219e+00
2.274599346041294157e-01
1.307142754282428099e+00
-1.607483234561227547e+00
1.846338585323042125e-01
2.598827942484235320e-01
7.818228717773103575e-01
-1.236950710878081949e+00
-1.320456613084276309e+00
5.219415656168976403e-01
2.969846732331860584e-01
2.398476023189068107e-01
3.265219250125243056e-01
-7.014260197984402145e-01
2.625639499043236902e-01
3.189319614333888109e-01
-6.882483003058333937e-01
1.843601433988854899e+00
4.427789967499952128e-01
-1.220141546339173155e+00
6.355979990028763904e-01
-9.967725817289968537e-01
7.732354829500466264e-01
1.133444276746794932e+00
-8.533241514845986142e-01
9.907292430206510181e-01
4.127809269364983158e-01
8.220601599944900029e-01
1.896792982653947357e+00
-2.453881160028704989e-01
-7.537361643574895798e-01
-8.895144296255232952e-01
-8.158102849654382815e-01
-7.710170941410419976e-02
3.411519748166438881e-01
2.766907993300190549e-01
8.271832490360238044e-01
1.300189187790701945e-02
1.453534077157316862e+00
-2.646568332379560795e-01
2.720169166589618825e+00
6.256673477650062098e-01
-8.571575564162825511e-01
-1.070892498061112308e+00
4.824724152431852930e-01
-2.234627853258508989e-01
7.140004940920919863e-01
4.732376245735448461e-01
-7.282891265687277405e-02
-8.467937180684049769e-01
-1.514847224685864635e+00
-4.465149520670210759e-01
8.563987943234723232e-01
2.140937441302039612e-01
-1.245738778711988015e+00
1.731809258511819993e-01
3.853173797288367841e-01
-8.838574362011329955e-01
1.537251059455279067e-01
5.820871844599989631e-02
-1.142970297830623094e+00
3.577873603482832898e-01
5.607845263682343928e-01
1.083051243175277012e+00
1.053802052034902959e+00
-1.377669367957091051e+00
-9.378250399151227823e-01
5.150352672086597750e-01
5.137859509122087998e-01
5.150476863060479138e-01
3.852731490654721203e+00
5.708905106931669859e-01
1.135565640180598912e+00
9.540017634932023149e-01
6.513912513057980025e-01
-3.152692446403456139e-01
7.589692204932674269e-01
-7.728252145375718030e-01
-2.368186067400088746e-01
-4.853635478291034588e-01
8.187413938632255583e-02
2.314658566673508666e+00
-1.867265192591748058e+00
6.862601903745134679e-01
-1.612715871189651651e+00
-4.719318657894334690e-01
1.056382968058638960e+00
9.687117661626751253e-02
-1.105513998976480172e+00
-6.863360357203570628e-01
6.473812809429069226e-01
-7.242801958933913209e-01
2.375443189131807298e-01
7.396230092594925642e-02
-6.238438833482100598e-01
2.171009236067575010e+00
6.364163293059722504e-01
-2.046167019229493178e+00
1.568378832171334059e-01
-6.909059963227806023e-01
8.240920106037034065e-01
-7.925207384327006555e-01
-1.147364414668990140e-01
5.049872789804571438e-01
8.657551941701214782e-01
-1.200296407055776227e+00
-3.345012358409483744e-01
-4.749453111609561740e-01
-6.533292325737118933e-01
1.765454240281096876e+00
4.049817109609555321e-01
-1.260883954335045187e+00
9.178619470547760839e-01
2.122156197012633250e+00
1.032465260551146846e+00
-1.519369965954013413e+00
-4.842340728662513638e-01
1.266911149186622731e+00
-7.076694656187807464e-01
4.438194281462284341e-01
7.746340534293367774e-01
-9.269304715780829484e-01
-5.952535606180008043e-02
-3.241267340069072578e+00
-1.024387641334289833e+00
-2.525681513931603006e-01
-1.247783181964849497e+00
1.632411303931635249e+00
-1.430141377960632676e+00
-4.400444866969837610e-01
1.307405772860913418e-01
1.441273289066115515e+00
-1.435862151179439383e+00
1.163163752154959596e+00
1.023306101958704889e-02
-9.815086510479509307e-01
4.621034742632707526e-01
1.990596955734700302e-01
-6.002168771587946816e-01
6.980208499001891442e-02
-3.853135968617601992e-01
1.135173452512480419e-01
6.621306745210466804e-01
1.586016816145352060e+00
-1.237815498826849048e+00
2.133033374656266634e+00
-1.952087799522501887e+00
-1.517850950355833228e-01
5.883172064845765270e-01
2.809918677350326521e-01
-6.226995198205937943e-01
-2.081222503572752180e-01
-4.930009346588328234e-01
-5.893647569442115319e-01
8.496020970210246270e-01
3.570154859650473411e-01
-6.929095952606542097e-01
8.995998754332507064e-01
3.072995208766093334e-01
8.128621188389600905e-01
6.296288419236122369e-01
-8.570454470110561163e-01
-5.815019097039316742e-01
7.796731747448398808e-01
5.744570291487745006e-01
-4.656456637444757185e-02
9.273944122653693389e-02
1.265175991141200829e+00
-6.223019702555776522e-01
5.175205026587983426e-01
-1.875626319882004456e-01
-2.459944065737017238e-01
1.068855434898870804e+00
8.254163489877898163e-01
8.135096360010394267e-01
1.305478807154417664e+00
2.100384163275904881e-02
6.819529712949639055e-01
-3.102667565934560390e-01
3.241663524884421110e-01
-1.301430543676845852e-01
9.699596499271818939e-02
5.951570254369136226e-01
-8.182206832334725233e-01
2.092387275685460235e+00
-1.006017381499701990e+00
-1.214188612787732158e+00
1.158110873500067806e+00
7.916626939629358706e-01
6.241198170521551347e-01
6.283455092642799000e-01
-1.224677284691462302e-02
-8.972543714858315367e-01
7.580455819372633464e-02
-6.771617115121116859e-01
9.751197334177511555e-01
-1.470573815021386510e-01
-8.254971967925115450e-01
-3.213858416529934425e-01
4.129314542756243323e-01
-5.637245528039747100e-01
-8.222203955664314501e-01
2.436872114919123034e-01
2.449665711087227749e-01
-5.069431753711297617e-01
-4.710383056183227724e-01
2.320499373576362934e-01
-1.448084341497324123e+00
-1.407463774376555232e+00
-7.184442212524360105e-01
-2.134471517118472494e-01
3.109075655980045871e-01
1.475356216949551991e+00
8.576596232020193833e-01
-1.599385299634271118e-01
-1.901620790268883018e-02
-1.002529364637808840e+00
-1.851313599238993066e-02
-2.886586389201383218e-01
3.227185603380894885e-01
-8.272309435523229615e-01
5.193465142411722857e-01
1.532738913002577696e+00
-1.087601484568575944e-01
4.017117220989414594e-01
6.901439917111125144e-01
-4.012204718858362607e-01
2.240924818104167715e-01
1.259240078179485987e-02
9.767609854883171905e-02
-7.730097838554664813e-01
2.451017425894271365e-02
4.979982912454497535e-01
1.451143607795041701e+00
9.592708260852068625e-01
2.153182457511556347e+00
