3.103165232120582220e-02
2.935573899473623016e-02
2.769389831019755666e-02
2.370903420405273687e-02
2.030707152528220608e-02
2.038084718086314792e-02
1.855687719080417394e-02
1.556213078431176004e-02
1.291851723135228197e-02
1.653641355201194985e-02
1.429624307469986970e-02
1.142493230348872769e-02
8.802930254124504902e-03
7.567028980517923747e-03
7.736756250464548422e-03
7.232688499598876296e-03
5.476724099230618169e-03
5.204388715996289064e-03
4.802585789503383516e-03
5.823787048227516139e-03
3.350199777949739669e-03
3.839194104986618557e-03
2.725152151647094404e-03
2.932426360112090884e-03
2.412931284246576467e-03
1.388271725285334345e-03
8.979975849297444938e-04
1.289351968598340852e-03
1.166250160646925852e-03
5.445307864171159903e-04
7.757118288581546376e-04
2.068746579673117012e-03
1.143853407959004483e-03
1.022727777434431903e-03
5.752528715341971880e-04
6.514983983584992115e-04
2.755089073897181513e-04
5.739088298269743151e-04
6.099395835858178972e-04
7.787701299188223630e-04
3.157752597667677391e-04
5.154371440053129826e-04
4.717384048895226548e-04
6.970343544423656702e-04
4.766109250143682496e-04
1.131460089941575386e-03
7.344224497777717591e-04
1.072254019092575309e-03
1.483113488186995265e-03
4.118540840411573519e-04
